0.000000 0.999630
0.000000 0.499823
0.400000 0.998760
0.400000 0.499437
0.800000 0.996920
0.800000 0.498423
1.200000 0.993060
1.200000 0.496577
1.600000 0.984860
1.600000 0.492338
2.000000 0.969190
2.000000 0.484493
2.400000 0.943590
2.400000 0.471852
2.800000 0.898820
2.800000 0.449474
3.200000 0.827980
3.200000 0.413946
3.600000 0.737160
3.600000 0.368612
4.000000 0.616390
4.000000 0.308331
4.400000 0.483100
4.400000 0.241477
4.800000 0.352750
4.800000 0.176463
5.200000 0.236040
5.200000 0.117934
5.600000 0.144490
5.600000 0.072241
6.000000 0.079020
6.000000 0.039570
6.400000 0.039520
6.400000 0.019726
6.800000 0.018900
6.800000 0.009480
7.200000 0.007530
7.200000 0.003751
7.600000 0.003450
7.600000 0.001720
