8 0.020000 0.000000
8 0.020000 0.000000
8 0.040000 0.000000
8 0.040000 0.000000
8 0.060000 0.000000
8 0.060000 0.000000
8 0.080000 0.000000
8 0.080000 0.000000
8 0.100000 0.000000
8 0.100000 0.000000
8 0.120000 0.000010
8 0.120000 0.000005
8 0.140000 0.000010
8 0.140000 0.000005
8 0.160000 0.000050
8 0.160000 0.000025
8 0.180000 0.000260
8 0.180000 0.000129
8 0.200000 0.000810
8 0.200000 0.000399
8 0.220000 0.002410
8 0.220000 0.001206
8 0.240000 0.006470
8 0.240000 0.003226
8 0.260000 0.016830
8 0.260000 0.008404
8 0.280000 0.039700
8 0.280000 0.019842
8 0.300000 0.081960
8 0.300000 0.040940
8 0.320000 0.152840
8 0.320000 0.076400
8 0.340000 0.256120
8 0.340000 0.128060
8 0.360000 0.385160
8 0.360000 0.192525
8 0.380000 0.527810
8 0.380000 0.263940
8 0.400000 0.666720
8 0.400000 0.333336
8 0.420000 0.784180
8 0.420000 0.392000
8 0.440000 0.873160
8 0.440000 0.436486
8 0.460000 0.932990
8 0.460000 0.466372
8 0.480000 0.968120
8 0.480000 0.483932
8 0.500000 0.986780
8 0.500000 0.493276
8 0.520000 0.995020
8 0.520000 0.497397
16 0.020000 0.000000
16 0.020000 0.000000
16 0.040000 0.000000
16 0.040000 0.000000
16 0.060000 0.000000
16 0.060000 0.000000
16 0.080000 0.000000
16 0.080000 0.000000
16 0.100000 0.000000
16 0.100000 0.000000
16 0.120000 0.000010
16 0.120000 0.000005
16 0.140000 0.000010
16 0.140000 0.000005
16 0.160000 0.000040
16 0.160000 0.000020
16 0.180000 0.000170
16 0.180000 0.000087
16 0.200000 0.000470
16 0.200000 0.000231
16 0.220000 0.001160
16 0.220000 0.000581
16 0.240000 0.002860
16 0.240000 0.001424
16 0.260000 0.006760
16 0.260000 0.003386
16 0.280000 0.016410
16 0.280000 0.008222
16 0.300000 0.035540
16 0.300000 0.017789
16 0.320000 0.074070
16 0.320000 0.037081
16 0.340000 0.137390
16 0.340000 0.068763
16 0.360000 0.230120
16 0.360000 0.115063
16 0.380000 0.352390
16 0.380000 0.176276
16 0.400000 0.491330
16 0.400000 0.245707
16 0.420000 0.631170
16 0.420000 0.315649
16 0.440000 0.756270
16 0.440000 0.378117
16 0.460000 0.853700
16 0.460000 0.426755
16 0.480000 0.920170
16 0.480000 0.459953
16 0.500000 0.961890
16 0.500000 0.480800
16 0.520000 0.983630
16 0.520000 0.491680
32 0.020000 0.000000
32 0.020000 0.000000
32 0.040000 0.000000
32 0.040000 0.000000
32 0.060000 0.000000
32 0.060000 0.000000
32 0.080000 0.000000
32 0.080000 0.000000
32 0.100000 0.000000
32 0.100000 0.000000
32 0.120000 0.000010
32 0.120000 0.000005
32 0.140000 0.000010
32 0.140000 0.000005
32 0.160000 0.000040
32 0.160000 0.000020
32 0.180000 0.000170
32 0.180000 0.000087
32 0.200000 0.000470
32 0.200000 0.000231
32 0.220000 0.001160
32 0.220000 0.000581
32 0.240000 0.002840
32 0.240000 0.001414
32 0.260000 0.006630
32 0.260000 0.003322
32 0.280000 0.016180
32 0.280000 0.008109
32 0.300000 0.034660
32 0.300000 0.017349
32 0.320000 0.072250
32 0.320000 0.036173
32 0.340000 0.133850
32 0.340000 0.066991
32 0.360000 0.224260
32 0.360000 0.112127
32 0.380000 0.344390
32 0.380000 0.172258
32 0.400000 0.482490
32 0.400000 0.241295
32 0.420000 0.622220
32 0.420000 0.311175
32 0.440000 0.748050
32 0.440000 0.374025
32 0.460000 0.847280
32 0.460000 0.423543
32 0.480000 0.915440
32 0.480000 0.457591
32 0.500000 0.959070
32 0.500000 0.479391
32 0.520000 0.982160
32 0.520000 0.490945
64 0.020000 0.000000
64 0.020000 0.000000
64 0.040000 0.000000
64 0.040000 0.000000
64 0.060000 0.000000
64 0.060000 0.000000
64 0.080000 0.000000
64 0.080000 0.000000
64 0.100000 0.000000
64 0.100000 0.000000
64 0.120000 0.000010
64 0.120000 0.000005
64 0.140000 0.000010
64 0.140000 0.000005
64 0.160000 0.000040
64 0.160000 0.000020
64 0.180000 0.000170
64 0.180000 0.000087
64 0.200000 0.000470
64 0.200000 0.000231
64 0.220000 0.001160
64 0.220000 0.000581
64 0.240000 0.002840
64 0.240000 0.001414
64 0.260000 0.006630
64 0.260000 0.003322
64 0.280000 0.016180
64 0.280000 0.008109
64 0.300000 0.034660
64 0.300000 0.017349
64 0.320000 0.072250
64 0.320000 0.036173
64 0.340000 0.133850
64 0.340000 0.066991
64 0.360000 0.224260
64 0.360000 0.112127
64 0.380000 0.344390
64 0.380000 0.172258
64 0.400000 0.482490
64 0.400000 0.241295
64 0.420000 0.622220
64 0.420000 0.311175
64 0.440000 0.748050
64 0.440000 0.374025
64 0.460000 0.847280
64 0.460000 0.423543
64 0.480000 0.915440
64 0.480000 0.457591
64 0.500000 0.959070
64 0.500000 0.479391
64 0.520000 0.982160
64 0.520000 0.490945
128 0.020000 0.000000
128 0.020000 0.000000
128 0.040000 0.000000
128 0.040000 0.000000
128 0.060000 0.000000
128 0.060000 0.000000
128 0.080000 0.000000
128 0.080000 0.000000
128 0.100000 0.000000
128 0.100000 0.000000
128 0.120000 0.000010
128 0.120000 0.000005
128 0.140000 0.000010
128 0.140000 0.000005
128 0.160000 0.000040
128 0.160000 0.000020
128 0.180000 0.000170
128 0.180000 0.000087
128 0.200000 0.000470
128 0.200000 0.000231
128 0.220000 0.001160
128 0.220000 0.000581
128 0.240000 0.002840
128 0.240000 0.001414
128 0.260000 0.006630
128 0.260000 0.003322
128 0.280000 0.016180
128 0.280000 0.008109
128 0.300000 0.034660
128 0.300000 0.017349
128 0.320000 0.072250
128 0.320000 0.036173
128 0.340000 0.133850
128 0.340000 0.066991
128 0.360000 0.224260
128 0.360000 0.112127
128 0.380000 0.344390
128 0.380000 0.172258
128 0.400000 0.482490
128 0.400000 0.241295
128 0.420000 0.622220
128 0.420000 0.311175
128 0.440000 0.748050
128 0.440000 0.374025
128 0.460000 0.847280
128 0.460000 0.423543
128 0.480000 0.915440
128 0.480000 0.457591
128 0.500000 0.959070
128 0.500000 0.479391
128 0.520000 0.982160
128 0.520000 0.490945
