0.000000 0.837860
0.000000 0.416410
0.400000 0.722810
0.400000 0.357991
0.800000 0.576960
0.800000 0.284596
1.200000 0.423930
1.200000 0.207947
1.600000 0.280390
1.600000 0.136675
2.000000 0.164600
2.000000 0.079727
2.400000 0.085170
2.400000 0.040794
2.800000 0.038190
2.800000 0.018044
3.200000 0.014870
3.200000 0.006898
3.600000 0.004840
3.600000 0.002145
4.000000 0.001480
4.000000 0.000628
4.400000 0.000450
4.400000 0.000168
4.800000 0.000110
4.800000 0.000036
5.200000 0.000010
5.200000 0.000005
5.600000 0.000000
5.600000 0.000000
6.000000 0.000000
6.000000 0.000000
6.400000 0.000000
6.400000 0.000000
6.800000 0.000000
6.800000 0.000000
7.200000 0.000000
7.200000 0.000000
7.600000 0.000000
7.600000 0.000000
