30 0.020000 0.000000
30 0.020000 0.000000
30 0.040000 0.000000
30 0.040000 0.000000
30 0.060000 0.000000
30 0.060000 0.000000
30 0.080000 0.000030
30 0.080000 0.000015
30 0.100000 0.000080
30 0.100000 0.000040
30 0.120000 0.000240
30 0.120000 0.000122
30 0.140000 0.000520
30 0.140000 0.000263
30 0.160000 0.000820
30 0.160000 0.000410
30 0.180000 0.001140
30 0.180000 0.000568
30 0.200000 0.001830
30 0.200000 0.000912
30 0.220000 0.002190
30 0.220000 0.001101
30 0.240000 0.003400
30 0.240000 0.001705
30 0.260000 0.004610
30 0.260000 0.002303
30 0.280000 0.006550
30 0.280000 0.003268
30 0.300000 0.009760
30 0.300000 0.004891
30 0.320000 0.018160
30 0.320000 0.009067
30 0.340000 0.042470
30 0.340000 0.021230
30 0.360000 0.100210
30 0.360000 0.050083
30 0.380000 0.212760
30 0.380000 0.106350
30 0.400000 0.386840
30 0.400000 0.193445
30 0.420000 0.584920
30 0.420000 0.292477
30 0.440000 0.766600
30 0.440000 0.383257
30 0.460000 0.893710
30 0.460000 0.446981
30 0.480000 0.961230
30 0.480000 0.480590
30 0.500000 0.989080
30 0.500000 0.494506
30 0.520000 0.997530
30 0.520000 0.498738
30 0.540000 0.999620
30 0.540000 0.499773
60 0.020000 0.000000
60 0.020000 0.000000
60 0.040000 0.000000
60 0.040000 0.000000
60 0.060000 0.000030
60 0.060000 0.000015
60 0.080000 0.000030
60 0.080000 0.000015
60 0.100000 0.000120
60 0.100000 0.000058
60 0.120000 0.000270
60 0.120000 0.000135
60 0.140000 0.000410
60 0.140000 0.000199
60 0.160000 0.000720
60 0.160000 0.000361
60 0.180000 0.000940
60 0.180000 0.000472
60 0.200000 0.001650
60 0.200000 0.000833
60 0.220000 0.002540
60 0.220000 0.001260
60 0.240000 0.003650
60 0.240000 0.001813
60 0.260000 0.004320
60 0.260000 0.002161
60 0.280000 0.006100
60 0.280000 0.003049
60 0.300000 0.010150
60 0.300000 0.005069
60 0.320000 0.017780
60 0.320000 0.008884
60 0.340000 0.042710
60 0.340000 0.021413
60 0.360000 0.101130
60 0.360000 0.050613
60 0.380000 0.212410
60 0.380000 0.106136
60 0.400000 0.384580
60 0.400000 0.192255
60 0.420000 0.583750
60 0.420000 0.291843
60 0.440000 0.764000
60 0.440000 0.382041
60 0.460000 0.892820
60 0.460000 0.446307
60 0.480000 0.962060
60 0.480000 0.480976
60 0.500000 0.988700
60 0.500000 0.494359
60 0.520000 0.997550
60 0.520000 0.498787
60 0.540000 0.999570
60 0.540000 0.499839
90 0.020000 0.000000
90 0.020000 0.000000
90 0.040000 0.000000
90 0.040000 0.000000
90 0.060000 0.000000
90 0.060000 0.000000
90 0.080000 0.000070
90 0.080000 0.000035
90 0.100000 0.000090
90 0.100000 0.000045
90 0.120000 0.000290
90 0.120000 0.000142
90 0.140000 0.000330
90 0.140000 0.000164
90 0.160000 0.000650
90 0.160000 0.000331
90 0.180000 0.001050
90 0.180000 0.000522
90 0.200000 0.001510
90 0.200000 0.000754
90 0.220000 0.002240
90 0.220000 0.001123
90 0.240000 0.002930
90 0.240000 0.001460
90 0.260000 0.005010
90 0.260000 0.002498
90 0.280000 0.007220
90 0.280000 0.003606
90 0.300000 0.010260
90 0.300000 0.005138
90 0.320000 0.018130
90 0.320000 0.009058
90 0.340000 0.042110
90 0.340000 0.021043
90 0.360000 0.101160
90 0.360000 0.050530
90 0.380000 0.213300
90 0.380000 0.106707
90 0.400000 0.383680
90 0.400000 0.191863
90 0.420000 0.583860
90 0.420000 0.292031
90 0.440000 0.765330
90 0.440000 0.382733
90 0.460000 0.891310
90 0.460000 0.445667
90 0.480000 0.959600
90 0.480000 0.479780
90 0.500000 0.988320
90 0.500000 0.494125
90 0.520000 0.997200
90 0.520000 0.498612
90 0.540000 0.999450
90 0.540000 0.499760
120 0.020000 0.000000
120 0.020000 0.000000
120 0.040000 0.000000
120 0.040000 0.000000
120 0.060000 0.000020
120 0.060000 0.000011
120 0.080000 0.000050
120 0.080000 0.000025
120 0.100000 0.000120
120 0.100000 0.000061
120 0.120000 0.000200
120 0.120000 0.000097
120 0.140000 0.000450
120 0.140000 0.000225
120 0.160000 0.000730
120 0.160000 0.000360
120 0.180000 0.001120
120 0.180000 0.000561
120 0.200000 0.001660
120 0.200000 0.000835
120 0.220000 0.002230
120 0.220000 0.001120
120 0.240000 0.003320
120 0.240000 0.001659
120 0.260000 0.004720
120 0.260000 0.002377
120 0.280000 0.006400
120 0.280000 0.003214
120 0.300000 0.010360
120 0.300000 0.005155
120 0.320000 0.018590
120 0.320000 0.009309
120 0.340000 0.043550
120 0.340000 0.021804
120 0.360000 0.100230
120 0.360000 0.050136
120 0.380000 0.213270
120 0.380000 0.106639
120 0.400000 0.381800
120 0.400000 0.190862
120 0.420000 0.581970
120 0.420000 0.290958
120 0.440000 0.765430
120 0.440000 0.382746
120 0.460000 0.891050
120 0.460000 0.445527
120 0.480000 0.962150
120 0.480000 0.481143
120 0.500000 0.988940
120 0.500000 0.494457
120 0.520000 0.997640
120 0.520000 0.498805
120 0.540000 0.999650
120 0.540000 0.499854
150 0.020000 0.000000
150 0.020000 0.000000
150 0.040000 0.000000
150 0.040000 0.000000
150 0.060000 0.000010
150 0.060000 0.000005
150 0.080000 0.000050
150 0.080000 0.000025
150 0.100000 0.000100
150 0.100000 0.000051
150 0.120000 0.000220
150 0.120000 0.000110
150 0.140000 0.000310
150 0.140000 0.000154
150 0.160000 0.000530
150 0.160000 0.000263
150 0.180000 0.000930
150 0.180000 0.000464
150 0.200000 0.001720
150 0.200000 0.000862
150 0.220000 0.002600
150 0.220000 0.001298
150 0.240000 0.003340
150 0.240000 0.001660
150 0.260000 0.004420
150 0.260000 0.002208
150 0.280000 0.006510
150 0.280000 0.003247
150 0.300000 0.009840
150 0.300000 0.004934
150 0.320000 0.018190
150 0.320000 0.009115
150 0.340000 0.042810
150 0.340000 0.021421
150 0.360000 0.101110
150 0.360000 0.050546
150 0.380000 0.214300
150 0.380000 0.107201
150 0.400000 0.383170
150 0.400000 0.191563
150 0.420000 0.584940
150 0.420000 0.292392
150 0.440000 0.764010
150 0.440000 0.381978
150 0.460000 0.891470
150 0.460000 0.445723
150 0.480000 0.959990
150 0.480000 0.479922
150 0.500000 0.987760
150 0.500000 0.493847
150 0.520000 0.997440
150 0.520000 0.498678
150 0.540000 0.999580
150 0.540000 0.499823
180 0.020000 0.000000
180 0.020000 0.000000
180 0.040000 0.000000
180 0.040000 0.000000
180 0.060000 0.000010
180 0.060000 0.000005
180 0.080000 0.000020
180 0.080000 0.000009
180 0.100000 0.000140
180 0.100000 0.000067
180 0.120000 0.000280
180 0.120000 0.000136
180 0.140000 0.000420
180 0.140000 0.000211
180 0.160000 0.000750
180 0.160000 0.000374
180 0.180000 0.001110
180 0.180000 0.000554
180 0.200000 0.001630
180 0.200000 0.000810
180 0.220000 0.002270
180 0.220000 0.001133
180 0.240000 0.003790
180 0.240000 0.001899
180 0.260000 0.004700
180 0.260000 0.002345
180 0.280000 0.005990
180 0.280000 0.002997
180 0.300000 0.010130
180 0.300000 0.005059
180 0.320000 0.018510
180 0.320000 0.009258
180 0.340000 0.041330
180 0.340000 0.020695
180 0.360000 0.099880
180 0.360000 0.049922
180 0.380000 0.214280
180 0.380000 0.107164
180 0.400000 0.380760
180 0.400000 0.190403
180 0.420000 0.581510
180 0.420000 0.290806
180 0.440000 0.767070
180 0.440000 0.383561
180 0.460000 0.891720
180 0.460000 0.445933
180 0.480000 0.959930
180 0.480000 0.480017
180 0.500000 0.988410
180 0.500000 0.494128
180 0.520000 0.997600
180 0.520000 0.498772
180 0.540000 0.999550
180 0.540000 0.499778
