0.000000  0.953250
0.000000 0.476180
0.400000  0.868290
0.400000 0.433402
0.800000  0.717760
0.800000 0.357389
1.200000  0.513120
1.200000 0.254165
1.600000  0.309910
1.600000 0.152382
2.000000  0.155040
2.000000 0.075064
2.400000  0.065140
2.400000 0.030621
2.800000  0.025030
2.800000 0.010983
3.200000  0.011010
3.200000 0.004464
3.600000  0.006310
3.600000 0.002502
4.000000  0.005000
4.000000 0.002026
4.400000  0.004220
4.400000 0.001848
4.800000  0.003620
4.800000 0.001661
5.200000  0.003410
5.200000 0.001617
5.600000  0.003410
5.600000 0.001666
6.000000  0.003150
6.000000 0.001534
6.400000  0.003160
6.400000 0.001557
6.800000  0.003290
6.800000 0.001647
7.200000  0.003010
7.200000 0.001498
7.600000  0.003130
7.600000 0.001556
