8  0.020000 0.000000
8  0.020000 0.000000
8  0.040000 0.000000
8  0.040000 0.000000
8  0.060000 0.000000
8  0.060000 0.000000
8  0.080000 0.000030
8  0.080000 0.000016
8  0.100000 0.000100
8  0.100000 0.000052
8  0.120000 0.000180
8  0.120000 0.000093
8  0.140000 0.000410
8  0.140000 0.000205
8  0.160000 0.000730
8  0.160000 0.000365
8  0.180000 0.001180
8  0.180000 0.000589
8  0.200000 0.001730
8  0.200000 0.000862
8  0.220000 0.002390
8  0.220000 0.001194
8  0.240000 0.003590
8  0.240000 0.001789
8  0.260000 0.006760
8  0.260000 0.003371
8  0.280000 0.016940
8  0.280000 0.008471
8  0.300000 0.046830
8  0.300000 0.023432
8  0.320000 0.116950
8  0.320000 0.058481
8  0.340000 0.244200
8  0.340000 0.122157
8  0.360000 0.425120
8  0.360000 0.212665
8  0.380000 0.625720
8  0.380000 0.312964
8  0.400000 0.796840
8  0.400000 0.398538
8  0.420000 0.910420
8  0.420000 0.455409
8  0.440000 0.968100
8  0.440000 0.484235
8  0.460000 0.990720
8  0.460000 0.495532
8  0.480000 0.997830
8  0.480000 0.499098
8  0.500000 0.999630
8  0.500000 0.500007
8  0.520000 0.999960
8  0.520000 0.500176
16  0.020000 0.000000
16  0.020000 0.000000
16  0.040000 0.000000
16  0.040000 0.000000
16  0.060000 0.000000
16  0.060000 0.000000
16  0.080000 0.000030
16  0.080000 0.000016
16  0.100000 0.000100
16  0.100000 0.000052
16  0.120000 0.000180
16  0.120000 0.000093
16  0.140000 0.000410
16  0.140000 0.000205
16  0.160000 0.000730
16  0.160000 0.000365
16  0.180000 0.001180
16  0.180000 0.000589
16  0.200000 0.001720
16  0.200000 0.000857
16  0.220000 0.002350
16  0.220000 0.001175
16  0.240000 0.003300
16  0.240000 0.001646
16  0.260000 0.004670
16  0.260000 0.002326
16  0.280000 0.006950
16  0.280000 0.003462
16  0.300000 0.011180
16  0.300000 0.005591
16  0.320000 0.023480
16  0.320000 0.011738
16  0.340000 0.057770
16  0.340000 0.028870
16  0.360000 0.136230
16  0.360000 0.068162
16  0.380000 0.274150
16  0.380000 0.137160
16  0.400000 0.464270
16  0.400000 0.232225
16  0.420000 0.664650
16  0.420000 0.332473
16  0.440000 0.829050
16  0.440000 0.414709
16  0.460000 0.928220
16  0.460000 0.464303
16  0.480000 0.976090
16  0.480000 0.488230
16  0.500000 0.993830
16  0.500000 0.497105
16  0.520000 0.998780
16  0.520000 0.499583
32  0.020000 0.000000
32  0.020000 0.000000
32  0.040000 0.000000
32  0.040000 0.000000
32  0.060000 0.000000
32  0.060000 0.000000
32  0.080000 0.000030
32  0.080000 0.000016
32  0.100000 0.000100
32  0.100000 0.000052
32  0.120000 0.000180
32  0.120000 0.000093
32  0.140000 0.000410
32  0.140000 0.000205
32  0.160000 0.000730
32  0.160000 0.000365
32  0.180000 0.001180
32  0.180000 0.000589
32  0.200000 0.001720
32  0.200000 0.000857
32  0.220000 0.002350
32  0.220000 0.001175
32  0.240000 0.003300
32  0.240000 0.001646
32  0.260000 0.004640
32  0.260000 0.002311
32  0.280000 0.006780
32  0.280000 0.003377
32  0.300000 0.010340
32  0.300000 0.005171
32  0.320000 0.018960
32  0.320000 0.009486
32  0.340000 0.043600
32  0.340000 0.021794
32  0.360000 0.103110
32  0.360000 0.051577
32  0.380000 0.215700
32  0.380000 0.107882
32  0.400000 0.386270
32  0.400000 0.193192
32  0.420000 0.584100
32  0.420000 0.292174
32  0.440000 0.766480
32  0.440000 0.383394
32  0.460000 0.892900
32  0.460000 0.446642
32  0.480000 0.959400
32  0.480000 0.479892
32  0.500000 0.987710
32  0.500000 0.494051
32  0.520000 0.997440
32  0.520000 0.498912
64  0.020000 0.000000
64  0.020000 0.000000
64  0.040000 0.000000
64  0.040000 0.000000
64  0.060000 0.000000
64  0.060000 0.000000
64  0.080000 0.000030
64  0.080000 0.000016
64  0.100000 0.000100
64  0.100000 0.000052
64  0.120000 0.000180
64  0.120000 0.000093
64  0.140000 0.000410
64  0.140000 0.000205
64  0.160000 0.000730
64  0.160000 0.000365
64  0.180000 0.001180
64  0.180000 0.000589
64  0.200000 0.001720
64  0.200000 0.000857
64  0.220000 0.002350
64  0.220000 0.001175
64  0.240000 0.003300
64  0.240000 0.001646
64  0.260000 0.004640
64  0.260000 0.002311
64  0.280000 0.006780
64  0.280000 0.003377
64  0.300000 0.010340
64  0.300000 0.005171
64  0.320000 0.018960
64  0.320000 0.009486
64  0.340000 0.043570
64  0.340000 0.021778
64  0.360000 0.103070
64  0.360000 0.051556
64  0.380000 0.215560
64  0.380000 0.107813
64  0.400000 0.386050
64  0.400000 0.193076
64  0.420000 0.583790
64  0.420000 0.292022
64  0.440000 0.766120
64  0.440000 0.383217
64  0.460000 0.892680
64  0.460000 0.446531
64  0.480000 0.959230
64  0.480000 0.479806
64  0.500000 0.987650
64  0.500000 0.494022
64  0.520000 0.997430
64  0.520000 0.498906
128  0.020000 0.000000
128  0.020000 0.000000
128  0.040000 0.000000
128  0.040000 0.000000
128  0.060000 0.000000
128  0.060000 0.000000
128  0.080000 0.000030
128  0.080000 0.000016
128  0.100000 0.000100
128  0.100000 0.000052
128  0.120000 0.000180
128  0.120000 0.000093
128  0.140000 0.000410
128  0.140000 0.000205
128  0.160000 0.000730
128  0.160000 0.000365
128  0.180000 0.001180
128  0.180000 0.000589
128  0.200000 0.001720
128  0.200000 0.000857
128  0.220000 0.002350
128  0.220000 0.001175
128  0.240000 0.003300
128  0.240000 0.001646
128  0.260000 0.004640
128  0.260000 0.002311
128  0.280000 0.006780
128  0.280000 0.003377
128  0.300000 0.010340
128  0.300000 0.005171
128  0.320000 0.018960
128  0.320000 0.009486
128  0.340000 0.043570
128  0.340000 0.021778
128  0.360000 0.103070
128  0.360000 0.051556
128  0.380000 0.215560
128  0.380000 0.107813
128  0.400000 0.386050
128  0.400000 0.193076
128  0.420000 0.583790
128  0.420000 0.292022
128  0.440000 0.766120
128  0.440000 0.383217
128  0.460000 0.892680
128  0.460000 0.446531
128  0.480000 0.959230
128  0.480000 0.479806
128  0.500000 0.987650
128  0.500000 0.494022
128  0.520000 0.997430
128  0.520000 0.498906
