0.000000 0.953870
0.000000 0.476393
0.400000 0.869200
0.400000 0.433545
0.800000 0.717990
0.800000 0.357134
1.200000 0.516730
1.200000 0.255895
1.600000 0.310510
1.600000 0.152556
2.000000 0.153560
2.000000 0.074297
2.400000 0.061940
2.400000 0.028855
2.800000 0.021470
2.800000 0.009092
3.200000 0.007050
3.200000 0.002367
3.600000 0.002310
3.600000 0.000471
4.000000 0.001060
4.000000 0.000124
4.400000 0.000590
4.400000 0.000045
4.800000 0.000290
4.800000 0.000011
5.200000 0.000120
5.200000 0.000002
5.600000 0.000070
5.600000 0.000001
6.000000 0.000040
6.000000 0.000001
6.400000 0.000000
6.400000 0.000000
6.800000 0.000000
6.800000 0.000000
7.200000 0.000000
7.200000 0.000000
7.600000 0.000000
7.600000 0.000000
