0.000000  0.838530
0.000000 0.417063
0.400000  0.726950
0.400000 0.360505
0.800000  0.578470
0.800000 0.285787
1.200000  0.423930
1.200000 0.208491
1.600000  0.282490
1.600000 0.138034
2.000000  0.162810
2.000000 0.079168
2.400000  0.084800
2.400000 0.040833
2.800000  0.039240
2.800000 0.018634
3.200000  0.016180
3.200000 0.007606
3.600000  0.006420
3.600000 0.002924
4.000000  0.003110
4.000000 0.001431
4.400000  0.001960
4.400000 0.000938
4.800000  0.001730
4.800000 0.000832
5.200000  0.001560
5.200000 0.000785
5.600000  0.001640
5.600000 0.000819
6.000000  0.001540
6.000000 0.000767
6.400000  0.001420
6.400000 0.000711
6.800000  0.001660
6.800000 0.000826
7.200000  0.001490
7.200000 0.000746
7.600000  0.001410
7.600000 0.000698
