30 0.020000  0.000000
30 0.020000 0.000000
30 0.040000  0.000000
30 0.040000 0.000000
30 0.060000  0.000000
30 0.060000 0.000000
30 0.080000  0.000000
30 0.080000 0.000000
30 0.100000  0.000010
30 0.100000 0.000005
30 0.120000  0.000000
30 0.120000 0.000000
30 0.140000  0.000020
30 0.140000 0.000009
30 0.160000  0.000050
30 0.160000 0.000025
30 0.180000  0.000130
30 0.180000 0.000061
30 0.200000  0.000360
30 0.200000 0.000181
30 0.220000  0.000920
30 0.220000 0.000464
30 0.240000  0.002370
30 0.240000 0.001193
30 0.260000  0.006650
30 0.260000 0.003311
30 0.280000  0.014930
30 0.280000 0.007464
30 0.300000  0.034480
30 0.300000 0.017234
30 0.320000  0.072950
30 0.320000 0.036530
30 0.340000  0.135070
30 0.340000 0.067562
30 0.360000  0.224640
30 0.360000 0.112224
30 0.380000  0.343770
30 0.380000 0.171893
30 0.400000  0.484190
30 0.400000 0.241952
30 0.420000  0.620590
30 0.420000 0.310238
30 0.440000  0.750090
30 0.440000 0.375044
30 0.460000  0.849220
30 0.460000 0.424463
30 0.480000  0.917630
30 0.480000 0.458666
30 0.500000  0.958480
30 0.500000 0.479137
30 0.520000  0.982010
30 0.520000 0.490980
30 0.540000  0.993330
30 0.540000 0.496730
30 0.560000  0.997890
30 0.560000 0.498910
30 0.580000  0.999320
30 0.580000 0.499627
60 0.020000  0.000000
60 0.020000 0.000000
60 0.040000  0.000000
60 0.040000 0.000000
60 0.060000  0.000000
60 0.060000 0.000000
60 0.080000  0.000000
60 0.080000 0.000000
60 0.100000  0.000000
60 0.100000 0.000000
60 0.120000  0.000000
60 0.120000 0.000000
60 0.140000  0.000030
60 0.140000 0.000014
60 0.160000  0.000090
60 0.160000 0.000045
60 0.180000  0.000110
60 0.180000 0.000054
60 0.200000  0.000490
60 0.200000 0.000245
60 0.220000  0.000950
60 0.220000 0.000470
60 0.240000  0.002690
60 0.240000 0.001327
60 0.260000  0.006330
60 0.260000 0.003164
60 0.280000  0.015570
60 0.280000 0.007784
60 0.300000  0.035200
60 0.300000 0.017592
60 0.320000  0.071660
60 0.320000 0.035855
60 0.340000  0.133030
60 0.340000 0.066550
60 0.360000  0.227800
60 0.360000 0.113943
60 0.380000  0.345980
60 0.380000 0.172830
60 0.400000  0.485010
60 0.400000 0.242545
60 0.420000  0.623740
60 0.420000 0.311960
60 0.440000  0.746490
60 0.440000 0.373414
60 0.460000  0.847680
60 0.460000 0.424112
60 0.480000  0.916980
60 0.480000 0.458630
60 0.500000  0.958640
60 0.500000 0.479251
60 0.520000  0.982780
60 0.520000 0.491330
60 0.540000  0.993190
60 0.540000 0.496660
60 0.560000  0.997780
60 0.560000 0.498781
60 0.580000  0.999290
60 0.580000 0.499555
90 0.020000  0.000000
90 0.020000 0.000000
90 0.040000  0.000000
90 0.040000 0.000000
90 0.060000  0.000000
90 0.060000 0.000000
90 0.080000  0.000000
90 0.080000 0.000000
90 0.100000  0.000000
90 0.100000 0.000000
90 0.120000  0.000020
90 0.120000 0.000011
90 0.140000  0.000020
90 0.140000 0.000010
90 0.160000  0.000110
90 0.160000 0.000058
90 0.180000  0.000130
90 0.180000 0.000069
90 0.200000  0.000320
90 0.200000 0.000167
90 0.220000  0.001010
90 0.220000 0.000509
90 0.240000  0.002310
90 0.240000 0.001158
90 0.260000  0.006020
90 0.260000 0.003016
90 0.280000  0.015640
90 0.280000 0.007869
90 0.300000  0.035710
90 0.300000 0.017839
90 0.320000  0.070510
90 0.320000 0.035294
90 0.340000  0.133220
90 0.340000 0.066575
90 0.360000  0.225180
90 0.360000 0.112538
90 0.380000  0.345870
90 0.380000 0.173002
90 0.400000  0.484520
90 0.400000 0.242144
90 0.420000  0.621640
90 0.420000 0.310860
90 0.440000  0.749390
90 0.440000 0.374811
90 0.460000  0.848210
90 0.460000 0.423958
90 0.480000  0.915750
90 0.480000 0.457718
90 0.500000  0.958260
90 0.500000 0.478997
90 0.520000  0.981810
90 0.520000 0.490761
90 0.540000  0.992760
90 0.540000 0.496480
90 0.560000  0.997670
90 0.560000 0.498743
90 0.580000  0.999370
90 0.580000 0.499814
120 0.020000 0.000000
120 0.020000 0.000000
120 0.040000 0.000000
120 0.040000 0.000000
120 0.060000 0.000000
120 0.060000 0.000000
120 0.080000 0.000000
120 0.080000 0.000000
120 0.100000 0.000000
120 0.100000 0.000000
120 0.120000 0.000000
120 0.120000 0.000000
120 0.140000 0.000020
120 0.140000 0.000009
120 0.160000 0.000130
120 0.160000 0.000065
120 0.180000 0.000160
120 0.180000 0.000083
120 0.200000 0.000490
120 0.200000 0.000247
120 0.220000 0.000980
120 0.220000 0.000500
120 0.240000 0.002340
120 0.240000 0.001170
120 0.260000 0.006490
120 0.260000 0.003281
120 0.280000 0.015180
120 0.280000 0.007602
120 0.300000 0.034400
120 0.300000 0.017205
120 0.320000 0.070930
120 0.320000 0.035512
120 0.340000 0.135560
120 0.340000 0.067801
120 0.360000 0.226340
120 0.360000 0.113170
120 0.380000 0.345400
120 0.380000 0.172814
120 0.400000 0.481340
120 0.400000 0.240716
120 0.420000 0.622510
120 0.420000 0.311103
120 0.440000 0.747680
120 0.440000 0.373838
120 0.460000 0.847460
120 0.460000 0.423827
120 0.480000 0.915570
120 0.480000 0.457691
120 0.500000 0.958590
120 0.500000 0.479422
120 0.520000 0.982890
120 0.520000 0.491302
120 0.540000 0.993080
120 0.540000 0.496416
120 0.560000 0.997640
120 0.560000 0.498854
120 0.580000 0.999350
120 0.580000 0.499598
150 0.020000 0.000000
150 0.020000 0.000000
150 0.040000 0.000000
150 0.040000 0.000000
150 0.060000 0.000000
150 0.060000 0.000000
150 0.080000 0.000000
150 0.080000 0.000000
150 0.100000 0.000010
150 0.100000 0.000005
150 0.120000 0.000020
150 0.120000 0.000010
150 0.140000 0.000010
150 0.140000 0.000005
150 0.160000 0.000080
150 0.160000 0.000042
150 0.180000 0.000160
150 0.180000 0.000081
150 0.200000 0.000310
150 0.200000 0.000158
150 0.220000 0.000980
150 0.220000 0.000495
150 0.240000 0.002400
150 0.240000 0.001194
150 0.260000 0.006410
150 0.260000 0.003195
150 0.280000 0.015040
150 0.280000 0.007527
150 0.300000 0.035170
150 0.300000 0.017596
150 0.320000 0.072760
150 0.320000 0.036425
150 0.340000 0.133320
150 0.340000 0.066684
150 0.360000 0.226150
150 0.360000 0.113116
150 0.380000 0.343880
150 0.380000 0.171925
150 0.400000 0.485720
150 0.400000 0.242787
150 0.420000 0.622290
150 0.420000 0.311142
150 0.440000 0.747580
150 0.440000 0.373570
150 0.460000 0.848800
150 0.460000 0.424292
150 0.480000 0.916140
150 0.480000 0.457975
150 0.500000 0.959370
150 0.500000 0.479626
150 0.520000 0.982450
150 0.520000 0.491166
150 0.540000 0.992930
150 0.540000 0.496587
150 0.560000 0.997660
150 0.560000 0.498693
150 0.580000 0.999360
150 0.580000 0.499741
180 0.020000 0.000000
180 0.020000 0.000000
180 0.040000 0.000000
180 0.040000 0.000000
180 0.060000 0.000000
180 0.060000 0.000000
180 0.080000 0.000010
180 0.080000 0.000006
180 0.100000 0.000010
180 0.100000 0.000005
180 0.120000 0.000020
180 0.120000 0.000010
180 0.140000 0.000020
180 0.140000 0.000010
180 0.160000 0.000060
180 0.160000 0.000029
180 0.180000 0.000200
180 0.180000 0.000101
180 0.200000 0.000410
180 0.200000 0.000207
180 0.220000 0.000960
180 0.220000 0.000486
180 0.240000 0.002600
180 0.240000 0.001309
180 0.260000 0.006120
180 0.260000 0.003055
180 0.280000 0.015380
180 0.280000 0.007695
180 0.300000 0.034870
180 0.300000 0.017433
180 0.320000 0.072780
180 0.320000 0.036374
180 0.340000 0.133130
180 0.340000 0.066581
180 0.360000 0.228080
180 0.360000 0.114020
180 0.380000 0.347800
180 0.380000 0.173940
180 0.400000 0.480920
180 0.400000 0.240485
180 0.420000 0.623020
180 0.420000 0.311714
180 0.440000 0.745770
180 0.440000 0.372783
180 0.460000 0.845830
180 0.460000 0.422966
180 0.480000 0.915700
180 0.480000 0.457897
180 0.500000 0.958910
180 0.500000 0.479556
180 0.520000 0.982070
180 0.520000 0.491155
180 0.540000 0.993160
180 0.540000 0.496491
180 0.560000 0.997500
180 0.560000 0.498820
180 0.580000 0.999420
180 0.580000 0.499755
