0.000000 0.999030
0.000000 0.499532
0.400000 0.976200
0.400000 0.488118
0.800000 0.826010
0.800000 0.413060
1.200000 0.467560
1.200000 0.233855
1.600000 0.139860
1.600000 0.069928
2.000000 0.020620
2.000000 0.010305
2.400000 0.001560
2.400000 0.000775
2.800000 0.000100
2.800000 0.000050
3.200000 0.000030
3.200000 0.000015
3.600000 0.000000
3.600000 0.000000
4.000000 0.000000
4.000000 0.000000
4.400000 0.000000
4.400000 0.000000
4.800000 0.000000
4.800000 0.000000
5.200000 0.000000
5.200000 0.000000
5.600000 0.000000
5.600000 0.000000
6.000000 0.000000
6.000000 0.000000
6.400000 0.000000
6.400000 0.000000
6.800000 0.000000
6.800000 0.000000
7.200000 0.000000
7.200000 0.000000
7.600000 0.000000
7.600000 0.000000
