8 0.020000 0.000000
8 0.020000 0.000000
8 0.040000 0.000000
8 0.040000 0.000000
8 0.060000 0.000000
8 0.060000 0.000000
8 0.080000 0.000000
8 0.080000 0.000000
8 0.100000 0.000000
8 0.100000 0.000000
8 0.120000 0.000000
8 0.120000 0.000000
8 0.140000 0.000000
8 0.140000 0.000000
8 0.160000 0.000000
8 0.160000 0.000000
8 0.180000 0.000000
8 0.180000 0.000000
8 0.200000 0.000000
8 0.200000 0.000000
8 0.220000 0.000000
8 0.220000 0.000000
8 0.240000 0.000000
8 0.240000 0.000000
8 0.260000 0.000000
8 0.260000 0.000000
8 0.280000 0.000090
8 0.280000 0.000044
8 0.300000 0.002730
8 0.300000 0.001369
8 0.320000 0.034290
8 0.320000 0.017157
8 0.340000 0.202090
8 0.340000 0.101083
8 0.360000 0.560530
8 0.360000 0.280331
8 0.380000 0.872240
8 0.380000 0.436164
8 0.400000 0.983190
8 0.400000 0.491643
8 0.420000 0.999110
8 0.420000 0.499614
8 0.440000 1.000000
8 0.440000 0.500061
8 0.460000 1.000000
8 0.460000 0.500061
8 0.480000 1.000000
8 0.480000 0.500061
8 0.500000 1.000000
8 0.500000 0.500061
8 0.520000 1.000000
8 0.520000 0.500061
16 0.020000 0.000000
16 0.020000 0.000000
16 0.040000 0.000000
16 0.040000 0.000000
16 0.060000 0.000000
16 0.060000 0.000000
16 0.080000 0.000000
16 0.080000 0.000000
16 0.100000 0.000000
16 0.100000 0.000000
16 0.120000 0.000000
16 0.120000 0.000000
16 0.140000 0.000000
16 0.140000 0.000000
16 0.160000 0.000000
16 0.160000 0.000000
16 0.180000 0.000000
16 0.180000 0.000000
16 0.200000 0.000000
16 0.200000 0.000000
16 0.220000 0.000000
16 0.220000 0.000000
16 0.240000 0.000000
16 0.240000 0.000000
16 0.260000 0.000000
16 0.260000 0.000000
16 0.280000 0.000000
16 0.280000 0.000000
16 0.300000 0.000000
16 0.300000 0.000000
16 0.320000 0.000010
16 0.320000 0.000005
16 0.340000 0.000380
16 0.340000 0.000189
16 0.360000 0.010890
16 0.360000 0.005445
16 0.380000 0.107430
16 0.380000 0.053731
16 0.400000 0.427190
16 0.400000 0.213646
16 0.420000 0.805380
16 0.420000 0.402757
16 0.440000 0.971490
16 0.440000 0.485784
16 0.460000 0.998430
16 0.460000 0.499268
16 0.480000 0.999940
16 0.480000 0.500031
16 0.500000 1.000000
16 0.500000 0.500061
16 0.520000 1.000000
16 0.520000 0.500061
32 0.020000 0.000000
32 0.020000 0.000000
32 0.040000 0.000000
32 0.040000 0.000000
32 0.060000 0.000000
32 0.060000 0.000000
32 0.080000 0.000000
32 0.080000 0.000000
32 0.100000 0.000000
32 0.100000 0.000000
32 0.120000 0.000000
32 0.120000 0.000000
32 0.140000 0.000000
32 0.140000 0.000000
32 0.160000 0.000000
32 0.160000 0.000000
32 0.180000 0.000000
32 0.180000 0.000000
32 0.200000 0.000000
32 0.200000 0.000000
32 0.220000 0.000000
32 0.220000 0.000000
32 0.240000 0.000000
32 0.240000 0.000000
32 0.260000 0.000000
32 0.260000 0.000000
32 0.280000 0.000000
32 0.280000 0.000000
32 0.300000 0.000000
32 0.300000 0.000000
32 0.320000 0.000000
32 0.320000 0.000000
32 0.340000 0.000020
32 0.340000 0.000010
32 0.360000 0.000910
32 0.360000 0.000456
32 0.380000 0.017170
32 0.380000 0.008599
32 0.400000 0.148140
32 0.400000 0.074060
32 0.420000 0.500580
32 0.420000 0.250362
32 0.440000 0.852680
32 0.440000 0.426381
32 0.460000 0.981620
32 0.460000 0.490863
32 0.480000 0.999100
32 0.480000 0.499609
32 0.500000 0.999990
32 0.500000 0.500056
32 0.520000 1.000000
32 0.520000 0.500061
64 0.020000 0.000000
64 0.020000 0.000000
64 0.040000 0.000000
64 0.040000 0.000000
64 0.060000 0.000000
64 0.060000 0.000000
64 0.080000 0.000000
64 0.080000 0.000000
64 0.100000 0.000000
64 0.100000 0.000000
64 0.120000 0.000000
64 0.120000 0.000000
64 0.140000 0.000000
64 0.140000 0.000000
64 0.160000 0.000000
64 0.160000 0.000000
64 0.180000 0.000000
64 0.180000 0.000000
64 0.200000 0.000000
64 0.200000 0.000000
64 0.220000 0.000000
64 0.220000 0.000000
64 0.240000 0.000000
64 0.240000 0.000000
64 0.260000 0.000000
64 0.260000 0.000000
64 0.280000 0.000000
64 0.280000 0.000000
64 0.300000 0.000000
64 0.300000 0.000000
64 0.320000 0.000000
64 0.320000 0.000000
64 0.340000 0.000010
64 0.340000 0.000005
64 0.360000 0.000760
64 0.360000 0.000380
64 0.380000 0.013230
64 0.380000 0.006626
64 0.400000 0.122800
64 0.400000 0.061390
64 0.420000 0.448900
64 0.420000 0.224524
64 0.440000 0.816960
64 0.440000 0.408534
64 0.460000 0.973460
64 0.460000 0.486782
64 0.480000 0.998300
64 0.480000 0.499209
64 0.500000 0.999960
64 0.500000 0.500041
64 0.520000 1.000000
64 0.520000 0.500061
128 0.020000 0.000000
128 0.020000 0.000000
128 0.040000 0.000000
128 0.040000 0.000000
128 0.060000 0.000000
128 0.060000 0.000000
128 0.080000 0.000000
128 0.080000 0.000000
128 0.100000 0.000000
128 0.100000 0.000000
128 0.120000 0.000000
128 0.120000 0.000000
128 0.140000 0.000000
128 0.140000 0.000000
128 0.160000 0.000000
128 0.160000 0.000000
128 0.180000 0.000000
128 0.180000 0.000000
128 0.200000 0.000000
128 0.200000 0.000000
128 0.220000 0.000000
128 0.220000 0.000000
128 0.240000 0.000000
128 0.240000 0.000000
128 0.260000 0.000000
128 0.260000 0.000000
128 0.280000 0.000000
128 0.280000 0.000000
128 0.300000 0.000000
128 0.300000 0.000000
128 0.320000 0.000000
128 0.320000 0.000000
128 0.340000 0.000010
128 0.340000 0.000005
128 0.360000 0.000760
128 0.360000 0.000380
128 0.380000 0.013230
128 0.380000 0.006626
128 0.400000 0.122770
128 0.400000 0.061375
128 0.420000 0.448790
128 0.420000 0.224468
128 0.440000 0.816910
128 0.440000 0.408509
128 0.460000 0.973420
128 0.460000 0.486762
128 0.480000 0.998300
128 0.480000 0.499209
128 0.500000 0.999960
128 0.500000 0.500041
128 0.520000 1.000000
128 0.520000 0.500061
